Sorted container:
Container contains 1 elements.
0: It is a diagonal matrix. Dimension: n = 20, values: 
16.7411 0 0 0 0 0 0 0 0 0 0 0 0 0 0 0 0 0 0 0 
14.0198 13.7292 0 0 0 0 0 0 0 0 0 0 0 0 0 0 0 0 0 0 
1.6798 10.4218 6.49758 0 0 0 0 0 0 0 0 0 0 0 0 0 0 0 0 0 
9.67767 23.0408 4.32147 10.591 0 0 0 0 0 0 0 0 0 0 0 0 0 0 0 0 
88.9097 23.518 5.31823 3.15059 187.678 0 0 0 0 0 0 0 0 0 0 0 0 0 0 0 
4.59543 4.15588 8.04039 0.4662 44.0665 26.5729 0 0 0 0 0 0 0 0 0 0 0 0 0 0 
1.7807 7.9312 7.41738 10.1124 6.41547 17.0128 11.6027 0 0 0 0 0 0 0 0 0 0 0 0 0 
2.81144 3.20448 18.5472 7.67235 7.17071 19.1304 7.72439 6.65398 0 0 0 0 0 0 0 0 0 0 0 0 
14.7182 7.60022 0.264299 5.01528 3.18704 16.5604 5.19576 10.6344 210.538 0 0 0 0 0 0 0 0 0 0 0 
6.53947 15.5265 8.61795 9.22196 32.2207 10.8634 11.3602 8.87339 6.59578 39.9385 0 0 0 0 0 0 0 0 0 0 
19.1835 0.098585 2.47532 17.5551 291.303 35.8461 20.205 1.5624 19.4547 13.6731 9.90665 0 0 0 0 0 0 0 0 0 
2.73179 5.78293 8.47703 5.74199 9.35425 5.40979 6.92207 10.8178 8.0905 8.65481 18.2194 18.9768 0 0 0 0 0 0 0 0 
7.76598 22.3147 2.18237 19.3416 20.1136 5.87226 8.54663 8.22536 5.62573 5.4163 159.449 8.6123 33.5518 0 0 0 0 0 0 0 
7.24064 4.56441 19.9233 2.42346 2.39076 2.05424 0.721667 1.12851 3.2315 9.56704 12.4179 9.7754 44.2667 10.2962 0 0 0 0 0 0 
21.938 9.45776 8.5789 11.6908 2.31406 3.97549 4.96873 6.35447 21.9908 7.88595 11.7286 12.9773 0.552066 11.0258 19.8849 0 0 0 0 0 
11.1486 5.4862 9.41965 8.52707 47.2286 13.1261 8.40241 18.4842 21.8939 12.3154 8.77939 15.0872 22.7445 1.10761 69.7044 18.3434 0 0 0 0 
41.273 3.41473 17.435 4.52774 3.73386 3.80979 13.7051 10.9765 27.78 71.022 22.8666 4.35619 9.06932 26.3087 80.2221 21.2078 20.0578 0 0 0 
33.5762 8.14774 24.7236 5.27973 31.1224 7.96644 4.21784 8.93475 0.624543 13.2515 26.1892 5.19824 11.2197 6.89307 3.03032 10.4681 6.41398 10.5218 0 0 
2.28569 5.33826 5.27313 3.88836 2.27317 0.320647 10.8511 6.40529 3.69837 0.869933 4.33655 10.8401 7.23228 12.124 29.4326 14.804 4.44449 8.01566 9.73941 0 
7.77005 32.03 43.5506 7.10719 12.135 7.93804 277.789 24.3631 134.734 7.33241 4.93583 5.22222 2.29788 9.74169 7.23973 7.93987 19.9997 9.53115 1.03905 321.349 
average: 10.4405
